207570
3540124
1016511
292046
5590764
1749456
603833
755006
2782149
741653
1764008
630307
961356
524886
657062
35978213
1255314
855555
188995
7395724
94837
115444
62279
3635
5331
77512
29738
7253
82784
17263
3915572
2473213
1597480
5197559
6893298
5899755
9096312
7084708
1894735
740484
19910820
73603259
1200966
2136307
1248857
9991017
2030129
11257413
860683
515505
33168878
1256718
1299299
708683
6641205
22677069
2238553
2150456
1793934
1705182
2782149
741653
2275140
1764008
269325
2015039
448913
279975
1646511
290380
3841928
1404814
263532
1915078
1759761
1098225
712579
9442421
73603259
10571512
5119112
26313071
21573852
4043946
1228912
47319084
2686401
27119464
25236783
18814473
588351658
601684271
53131853
64600939
171757326
11777524
188083995
37484890
6898522
99795902
64160869
64393296
373352717
67189375
408278467
139936
6898522
70761
145119
199290
194781
176055
244732
29924221
400102
15116939
1610855
3036358
563718
6487370
